25, 4, 9

E, 1, 2, 7

E, 1, 3, 7

E, 1, 4, 7

E, 1, 5, 2

E, 1, 6, 93

E, 1, 7, 7

E, 1, 8, 95

E, 1, 9, 96

E, 1, 17, 7

E, 1, 11, 7

E, 1, 12, 7

E, 1, 13, 7

E, 1, 14, 93

E, 1, 15, 99

E, 1, 16, 7

E, 1, 17, 7

E, 1, 18, 97

E, 1, 19, 3

E, 1, 27, 92

E, 1, 21, 97

E, 1, 22, 7

E, 1, 23, 97

E, 1, 24, 97

E, 1, 25, 7

E, 2, 1, 7

E, 2, 3, 92

E, 2, 4, 99

E, 2, 5, 96

E, 2, 6, 7

E, 2, 7, 94

E, 2, 8, 7

E, 2, 9, 7

E, 2, 17, 7

E, 2, 11, 7

E, 2, 12, 7

E, 2, 13, 7

E, 2, 14, 92

E, 2, 15, 4

E, 2, 16, 92

E, 2, 17, 3

E, 2, 18, 7

E, 2, 19, 7

E, 2, 27, 99

E, 2, 21, 7

E, 2, 22, 3

E, 2, 23, 92

E, 2, 24, 96

E, 2, 25, 94

E, 3, 1, 5

E, 3, 2, 96

E, 3, 4, 92

E, 3, 5, 96

E, 3, 6, 99

E, 3, 7, 7

E, 3, 8, 97

E, 3, 9, 5

E, 3, 17, 7

E, 3, 11, 7

E, 3, 12, 4

E, 3, 13, 98

E, 3, 14, 94

E, 3, 15, 5

E, 3, 16, 7

E, 3, 17, 93

E, 3, 18, 92

E, 3, 19, 7

E, 3, 27, 7

E, 3, 21, 92

E, 3, 22, 7

E, 3, 23, 7

E, 3, 24, 99

E, 3, 25, 92

E, 4, 1, 92

E, 4, 2, 7

E, 4, 3, 7

E, 4, 5, 95

E, 4, 6, 7

E, 4, 7, 7

E, 4, 8, 95

E, 4, 9, 7

E, 4, 17, 7

E, 4, 11, 94

E, 4, 12, 94

E, 4, 13, 7

E, 4, 14, 7

E, 4, 15, 7

E, 4, 16, 95

E, 4, 17, 98

E, 4, 18, 7

E, 4, 19, 7

E, 4, 27, 91

E, 4, 21, 91

E, 4, 22, 7

E, 4, 23, 92

E, 4, 24, 99

E, 4, 25, 4

E, 5, 1, 7

E, 5, 2, 99

E, 5, 3, 3

E, 5, 4, 7

E, 5, 6, 7

E, 5, 7, 4

E, 5, 8, 93

E, 5, 9, 91

E, 5, 17, 7

E, 5, 11, 7

E, 5, 12, 93

E, 5, 13, 7

E, 5, 14, 7

E, 5, 15, 7

E, 5, 16, 96

E, 5, 17, 92

E, 5, 18, 7

E, 5, 19, 92

E, 5, 27, 96

E, 5, 21, 7

E, 5, 22, 7

E, 5, 23, 7

E, 5, 24, 92

E, 5, 25, 7

E, 6, 1, 7

E, 6, 2, 7

E, 6, 3, 97

E, 6, 4, 94

E, 6, 5, 7

E, 6, 7, 7

E, 6, 8, 91

E, 6, 9, 94

E, 6, 17, 92

E, 6, 11, 7

E, 6, 12, 99

E, 6, 13, 7

E, 6, 14, 7

E, 6, 15, 99

E, 6, 16, 7

E, 6, 17, 91

E, 6, 18, 96

E, 6, 19, 7

E, 6, 27, 7

E, 6, 21, 7

E, 6, 22, 7

E, 6, 23, 7

E, 6, 24, 96

E, 6, 25, 99

E, 7, 1, 7

E, 7, 2, 99

E, 7, 3, 93

E, 7, 4, 7

E, 7, 5, 7

E, 7, 6, 7

E, 7, 8, 7

E, 7, 9, 7

E, 7, 17, 7

E, 7, 11, 97

E, 7, 12, 7

E, 7, 13, 7

E, 7, 14, 5

E, 7, 15, 7

E, 7, 16, 7

E, 7, 17, 95

E, 7, 18, 7

E, 7, 19, 94

E, 7, 27, 97

E, 7, 21, 91

E, 7, 22, 7

E, 7, 23, 7

E, 7, 24, 93

E, 7, 25, 7

E, 8, 1, 7

E, 8, 2, 7

E, 8, 3, 99

E, 8, 4, 7

E, 8, 5, 7

E, 8, 6, 7

E, 8, 7, 92

E, 8, 9, 93

E, 8, 17, 5

E, 8, 11, 7

E, 8, 12, 3

E, 8, 13, 7

E, 8, 14, 4

E, 8, 15, 7

E, 8, 16, 7

E, 8, 17, 4

E, 8, 18, 99

E, 8, 19, 7

E, 8, 27, 93

E, 8, 21, 97

E, 8, 22, 7

E, 8, 23, 98

E, 8, 23, 7

E, 8, 24, 4

E, 8, 25, 94

E, 9, 1, 97

E, 9, 2, 7

E, 9, 3, 7

E, 9, 4, 97

E, 9, 5, 97

E, 9, 6, 7

E, 9, 7, 7

E, 9, 8, 95

E, 9, 17, 7

E, 9, 11, 7

E, 9, 12, 99

E, 9, 13, 98

E, 9, 14, 94

E, 9, 15, 99

E, 9, 16, 7

E, 9, 17, 96

E, 9, 18, 7

E, 9, 19, 94

E, 9, 27, 7

E, 9, 21, 99

E, 9, 22, 7

E, 9, 23, 95

E, 9, 24, 7

E, 9, 25, 96

E, 17, 1, 94

E, 17, 2, 7

E, 17, 3, 7

E, 17, 4, 93

E, 17, 5, 93

E, 17, 6, 94

E, 17, 7, 7

E, 17, 8, 93

E, 17, 9, 93

E, 17, 11, 94

E, 17, 12, 7

E, 17, 13, 7

E, 17, 14, 91

E, 17, 15, 96

E, 17, 16, 7

E, 17, 17, 94

E, 17, 18, 94

E, 17, 19, 7

E, 17, 27, 94

E, 17, 21, 7

E, 17, 22, 7

E, 17, 23, 7

E, 17, 24, 97

E, 17, 25, 92

E, 11, 1, 93

E, 11, 2, 7

E, 11, 3, 92

E, 11, 4, 97

E, 11, 5, 92

E, 11, 6, 7

E, 11, 7, 7

E, 11, 8, 7

E, 11, 9, 7

E, 11, 17, 92

E, 11, 12, 3

E, 11, 13, 7

E, 11, 14, 94

E, 11, 15, 93

E, 11, 16, 7

E, 11, 17, 7

E, 11, 18, 7

E, 11, 19, 97

E, 11, 27, 92

E, 11, 21, 7

E, 11, 22, 92

E, 11, 23, 98

E, 11, 24, 91

E, 11, 25, 97

E, 12, 1, 95

E, 12, 2, 7

E, 12, 3, 99

E, 12, 4, 7

E, 12, 5, 97

E, 12, 6, 3

E, 12, 7, 98

E, 12, 8, 96

E, 12, 9, 7

E, 12, 17, 7

E, 12, 11, 96

E, 12, 13, 7

E, 12, 14, 97

E, 12, 15, 7

E, 12, 16, 97

E, 12, 17, 95

E, 12, 18, 97

E, 12, 19, 95

E, 12, 27, 7

E, 12, 21, 91

E, 12, 22, 91

E, 12, 23, 7

E, 12, 24, 97

E, 12, 25, 98

E, 13, 1, 7

E, 13, 2, 7

E, 13, 3, 7

E, 13, 4, 94

E, 13, 5, 4

E, 13, 6, 99

E, 13, 7, 94

E, 13, 8, 7

E, 13, 9, 7

E, 13, 17, 98

E, 13, 11, 7

E, 13, 12, 7

E, 13, 14, 7

E, 13, 15, 7

E, 13, 16, 7

E, 13, 17, 7

E, 13, 18, 7

E, 13, 19, 7

E, 13, 27, 7

E, 13, 21, 99

E, 13, 22, 97

E, 13, 23, 96

E, 13, 24, 5

E, 13, 25, 98

E, 14, 1, 2

E, 14, 2, 91

E, 14, 3, 7

E, 14, 4, 7

E, 14, 5, 98

E, 14, 6, 96

E, 14, 7, 7

E, 14, 8, 2

E, 14, 9, 91

E, 14, 17, 7

E, 14, 11, 98

E, 14, 12, 91

E, 14, 13, 95

E, 14, 15, 7

E, 14, 16, 96

E, 14, 17, 2

E, 14, 18, 7

E, 14, 19, 98

E, 14, 27, 7

E, 14, 21, 7

E, 14, 22, 99

E, 14, 23, 7

E, 14, 24, 97

E, 14, 25, 98

E, 15, 1, 97

E, 15, 2, 7

E, 15, 3, 7

E, 15, 4, 92

E, 15, 5, 97

E, 15, 6, 97

E, 15, 7, 7

E, 15, 8, 7

E, 15, 9, 96

E, 15, 17, 92

E, 15, 11, 99

E, 15, 12, 7

E, 15, 13, 97

E, 15, 14, 7

E, 15, 16, 94

E, 15, 17, 95

E, 15, 18, 7

E, 15, 19, 96

E, 15, 27, 7

E, 15, 21, 94

E, 15, 22, 96

E, 15, 23, 7

E, 15, 24, 7

E, 15, 25, 93

E, 16, 1, 97

E, 16, 2, 95

E, 16, 3, 95

E, 16, 4, 7

E, 16, 5, 7

E, 16, 6, 5

E, 16, 7, 7

E, 16, 8, 96

E, 16, 9, 7

E, 16, 17, 7

E, 16, 11, 7

E, 16, 12, 99

E, 16, 13, 97

E, 16, 14, 95

E, 16, 15, 92

E, 16, 17, 7

E, 16, 18, 91

E, 16, 19, 7

E, 16, 27, 93

E, 16, 21, 7

E, 16, 22, 96

E, 16, 23, 7

E, 16, 24, 5

E, 16, 25, 7

E, 17, 1, 96

E, 17, 2, 7

E, 17, 3, 91

E, 17, 4, 5

E, 17, 5, 97

E, 17, 6, 96

E, 17, 7, 98

E, 17, 8, 7

E, 17, 9, 98

E, 17, 17, 95

E, 17, 11, 7

E, 17, 12, 7

E, 17, 13, 7

E, 17, 14, 2

E, 17, 15, 7

E, 17, 16, 7

E, 17, 18, 7

E, 17, 19, 95

E, 17, 27, 98

E, 17, 21, 91

E, 17, 22, 97

E, 17, 23, 7

E, 17, 24, 91

E, 17, 25, 7

E, 18, 1, 7

E, 18, 2, 91

E, 18, 3, 7

E, 18, 4, 7

E, 18, 5, 7

E, 18, 6, 91

E, 18, 7, 7

E, 18, 8, 3

E, 18, 9, 7

E, 18, 17, 93

E, 18, 11, 91

E, 18, 12, 7

E, 18, 13, 7

E, 18, 14, 94

E, 18, 15, 7

E, 18, 16, 2

E, 18, 17, 5

E, 18, 19, 7

E, 18, 27, 93

E, 18, 21, 97

E, 18, 22, 5

E, 18, 23, 96

E, 18, 24, 96

E, 18, 25, 96

E, 19, 1, 7

E, 19, 2, 93

E, 19, 3, 94

E, 19, 4, 95

E, 19, 5, 7

E, 19, 6, 99

E, 19, 7, 92

E, 19, 8, 7

E, 19, 9, 99

E, 19, 17, 95

E, 19, 11, 7

E, 19, 12, 7

E, 19, 13, 7

E, 19, 14, 95

E, 19, 15, 97

E, 19, 16, 99

E, 19, 17, 96

E, 19, 18, 97

E, 19, 27, 98

E, 19, 21, 95

E, 19, 22, 2

E, 19, 23, 96

E, 19, 24, 7

E, 19, 25, 98

E, 27, 1, 91

E, 27, 2, 7

E, 27, 3, 93

E, 27, 4, 97

E, 27, 5, 7

E, 27, 6, 7

E, 27, 7, 97

E, 27, 8, 7

E, 27, 9, 7

E, 27, 17, 92

E, 27, 11, 7

E, 27, 12, 91

E, 27, 13, 97

E, 27, 14, 98

E, 27, 15, 5

E, 27, 16, 99

E, 27, 17, 97

E, 27, 18, 4

E, 27, 19, 98

E, 27, 21, 92

E, 27, 22, 7

E, 27, 23, 7

E, 27, 24, 7

E, 27, 25, 97

E, 21, 1, 7

E, 21, 2, 7

E, 21, 3, 98

E, 21, 4, 97

E, 21, 5, 7

E, 21, 6, 99

E, 21, 7, 95

E, 21, 8, 7

E, 21, 9, 94

E, 21, 17, 7

E, 21, 11, 5

E, 21, 12, 7

E, 21, 13, 97

E, 21, 14, 7

E, 21, 15, 96

E, 21, 16, 95

E, 21, 17, 7

E, 21, 18, 95

E, 21, 19, 7

E, 21, 27, 7

E, 21, 22, 93

E, 21, 23, 7

E, 21, 24, 7

E, 21, 25, 92

E, 22, 1, 95

E, 22, 2, 7

E, 22, 3, 98

E, 22, 4, 7

E, 22, 5, 97

E, 22, 6, 7

E, 22, 7, 7

E, 22, 8, 7

E, 22, 9, 7

E, 22, 17, 7

E, 22, 11, 97

E, 22, 12, 7

E, 22, 13, 7

E, 22, 14, 97

E, 22, 15, 7

E, 22, 16, 7

E, 22, 17, 7

E, 22, 18, 97

E, 22, 19, 97

E, 22, 19, 7

E, 22, 27, 94

E, 22, 21, 7

E, 22, 23, 96

E, 22, 24, 92

E, 22, 25, 7

E, 23, 1, 96

E, 23, 2, 95

E, 23, 3, 7

E, 23, 4, 93

E, 23, 5, 97

E, 23, 6, 7

E, 23, 7, 97

E, 23, 8, 96

E, 23, 9, 7

E, 23, 17, 7

E, 23, 11, 94

E, 23, 12, 7

E, 23, 13, 94

E, 23, 14, 97

E, 23, 15, 97

E, 23, 16, 7

E, 23, 17, 5

E, 23, 18, 5

E, 23, 19, 7

E, 23, 27, 95

E, 23, 21, 7

E, 23, 22, 99

E, 23, 24, 7

E, 23, 25, 97

E, 24, 1, 7

E, 24, 2, 99

E, 24, 3, 91

E, 24, 4, 97

E, 24, 5, 7

E, 24, 6, 7

E, 24, 7, 7

E, 24, 8, 7

E, 24, 9, 7

E, 24, 17, 97

E, 24, 11, 97

E, 24, 12, 7

E, 24, 13, 93

E, 24, 14, 7

E, 24, 15, 7

E, 24, 16, 7

E, 24, 17, 96

E, 24, 18, 95

E, 24, 19, 7

E, 24, 27, 94

E, 24, 21, 7

E, 24, 22, 7

E, 24, 23, 96

E, 24, 25, 2

E, 25, 1, 97

E, 25, 2, 98

E, 25, 3, 7

E, 25, 4, 7

E, 25, 5, 97

E, 25, 6, 7

E, 25, 7, 5

E, 25, 8, 99

E, 25, 9, 7

E, 25, 17, 94

E, 25, 11, 96

E, 25, 12, 94

E, 25, 13, 94

E, 25, 14, 3

E, 25, 15, 7

E, 25, 16, 7

E, 25, 17, 7

E, 25, 18, 92

E, 25, 19, 7

E, 25, 27, 92

E, 25, 21, 7

E, 25, 22, 97

E, 25, 23, 7

E, 25, 24, 7
