---------------Graph E-------------
    1      2      3      4      5      6      7      8      9      10  
---------------------------------------------
1|    INF     INF     INF     92     INF     10     90     INF     92     90    
2|    91     INF     98     INF     90     98     INF     93     91     94    
3|    91     93     INF     4     92     99     INF     INF     INF     INF    
4|    92     94     9     INF     97     INF     7     97     94     90    
5|    INF     95     INF     INF     INF     INF     96     92     INF     INF    
6|    92     94     INF     INF     INF     INF     INF     91     INF     INF    
7|    INF     94     95     INF     INF     INF     INF     INF     INF     98    
8|    97     90     99     91     98     INF     INF     INF     93     91    
9|    98     90     2     93     INF     90     97     3     INF     98    
10|    INF     97     INF     4     INF     96     INF     94     INF     INF    


Following matrix shows the shortest distances between every pair of vertices 
0   102   104   94   92   186   10   90   95   92   90   
91   0   181   93   97   90   98   104   93   91   94   
91   93   0   13   4   92   99   11   101   98   94   
92   94   9   0   13   97   102   7   97   94   90   
186   95   187   183   0   185   193   96   92   185   183   
92   94   186   182   184   0   102   182   91   184   182   
185   94   95   99   184   192   0   106   187   185   98   
97   90   95   91   98   107   98   0   96   93   91   
93   90   2   6   94   90   13   3   0   96   94   
96   97   13   4   101   96   11   94   98   0   94   



----------Actual shortest path--------- 
   (1 )   (2 6 1 )   (3 9 1 )   (4 1 )   (5 3 9 1 )   (6 1 )   (7 1 )   (8 9 1 )   (9 1 )   (10 1 )
   (1 2 )   (2 )   (3 9 2 )   (4 3 9 2 )   (5 2 )   (6 2 )   (7 4 3 9 2 )   (8 2 )   (9 2 )   (10 2 )
   (1 3 )   (2 3 )   (3 )   (4 3 )   (5 3 )   (6 3 )   (7 4 3 )   (8 4 3 )   (9 4 3 )   (10 4 3 )
   (1 4 )   (2 4 )   (3 4 )   (4 )   (5 4 )   (6 1 4 )   (7 4 )   (8 4 )   (9 4 )   (10 4 )
   (1 2 5 )   (2 5 )   (3 9 8 5 )   (4 8 5 )   (5 )   (6 2 5 )   (7 5 )   (8 5 )   (9 8 5 )   (10 8 5 )
   (1 6 )   (2 6 )   (3 9 1 6 )   (4 8 6 )   (5 2 6 )   (6 )   (7 1 6 )   (8 6 )   (9 1 6 )   (10 1 6 )
   (1 2 7 )   (2 7 )   (3 7 )   (4 3 7 )   (5 2 7 )   (6 2 7 )   (7 )   (8 2 7 )   (9 2 7 )   (10 7 )
   (1 8 )   (2 8 )   (3 9 8 )   (4 8 )   (5 8 )   (6 1 8 )   (7 4 8 )   (8 )   (9 8 )   (10 8 )
   (1 3 9 )   (2 9 )   (3 9 )   (4 3 9 )   (5 3 9 )   (6 9 )   (7 4 3 9 )   (8 9 )   (9 )   (10 8 9 )
   (1 4 10 )   (2 10 )   (3 4 10 )   (4 10 )   (5 4 10 )   (6 10 )   (7 4 10 )   (8 10 )   (9 4 10 )   (10 )
path to collect the waste
5 3 9 1 1 4 4 8 5 5 2 7 7 4 8 8 10 