---------------Graph E-------------
    1      2      3      4      5      6      7      8      9      10  
---------------------------------------------
1|    INF     13     3     2     INF     10     9     INF     9     10    
2|    1     INF     8     9     10     8     INF     3     1     4    
3|    9     9     INF     4     2     9     2     INF     6     INF    
4|    9     4     9     INF     7     5     7     7     4     10    
5|    5     5     14     3     INF     INF     6     2     INF     9    
6|    9     4     2     12     10     INF     INF     1     INF     2    
7|    INF     4     5     7     21     5     INF     INF     15     8    
8|    7     9     9     1     8     10     6     INF     3     1    
9|    8     9     2     9     8     0     7     3     INF     8    
10|    7     7     3     4     7     6     INF     4     INF     INF    


Following matrix shows the shortest distances between every pair of vertices 
0   7   6   3   2   5   6   5   7   6   8   
1   0   5   3   3   5   1   5   2   1   3   
7   6   0   7   4   2   6   2   4   6   5   
5   4   6   0   6   7   4   7   5   4   6   
5   5   6   3   0   8   5   6   2   5   3   
5   4   2   2   4   0   4   4   1   4   2   
5   4   5   7   7   5   0   7   6   5   7   
6   5   4   1   6   3   6   0   4   3   1   
5   4   2   2   4   0   4   1   0   4   2   
7   7   3   4   5   6   5   4   7   0   5   



----------Actual shortest path--------- 
   (1 )   (2 4 1 )   (3 1 )   (4 1 )   (5 3 1 )   (6 9 4 1 )   (7 3 1 )   (8 5 3 1 )   (9 4 1 )   (10 8 5 3 1 )
   (1 2 )   (2 )   (3 9 2 )   (4 1 2 )   (5 3 9 2 )   (6 9 2 )   (7 3 9 2 )   (8 6 9 2 )   (9 2 )   (10 6 9 2 )
   (1 5 3 )   (2 7 3 )   (3 )   (4 3 )   (5 3 )   (6 9 3 )   (7 3 )   (8 5 3 )   (9 3 )   (10 8 5 3 )
   (1 2 4 )   (2 4 )   (3 9 4 )   (4 )   (5 4 )   (6 9 4 )   (7 4 )   (8 6 9 4 )   (9 4 )   (10 6 9 4 )
   (1 5 )   (2 5 )   (3 10 8 5 )   (4 5 )   (5 )   (6 9 8 5 )   (7 5 )   (8 5 )   (9 8 5 )   (10 8 5 )
   (1 2 6 )   (2 6 )   (3 6 )   (4 8 6 )   (5 3 6 )   (6 )   (7 3 6 )   (8 6 )   (9 8 6 )   (10 6 )
   (1 2 7 )   (2 7 )   (3 7 )   (4 7 )   (5 3 7 )   (6 7 )   (7 )   (8 6 7 )   (9 2 7 )   (10 6 7 )
   (1 2 4 8 )   (2 4 8 )   (3 10 8 )   (4 8 )   (5 3 10 8 )   (6 9 8 )   (7 8 )   (8 )   (9 8 )   (10 8 )
   (1 2 6 9 )   (2 6 9 )   (3 9 )   (4 8 6 9 )   (5 3 9 )   (6 9 )   (7 3 9 )   (8 6 9 )   (9 )   (10 6 9 )
   (1 10 )   (2 10 )   (3 10 )   (4 10 )   (5 3 10 )   (6 10 )   (7 3 10 )   (8 10 )   (9 8 10 )   (10 )


----------------Optimal path to collect waste--------------------
Start -> 1  -> 1 2  -> 2 7 3  -> 3 9 4  -> 4 5  -> 5 3 6  -> 6 9 8  -> 8 10  -> Finsih
